19004347
19022780
19033125
19050195
19051715
19052643
19067463
19072287
19073155
19076247
19080033
19083338
19088154
19088753
19088754
19096877
19098124
19098324
19103968
19117128
19118216
19118703
19119638
19120229
19135978
19140444
19141990
19154603
19156359
19163281
19164104
19166406
19180100
19185986
19191960
19199201
19203012
19213134
19216644
19224252
19235540
19236277
19238743
19270676
19297618
19302808
19311836
19322977
19327564
19332133
19333764
19365002
19367095
19370555
19372682
19380531
19387577
19394396
19397004
19402196
19402268
19403206
19415159
19418172
19426939
19433437
19438163
19441834
19445827
19448728
19451726
19452045
19452901
19455577
19455765
19456169
19456924
19457109
19458971
19462499
19463421
19466702
19473166
19484750
19487349
19501166
19510976
19511870
19512992
19539906
19546192
19561473
19567704
19577763
19580567
19582040
19590545
19603015
19605681
19607617
19607984
19608522
19608994
19614362
19623073
19635412
19641709
19644383
19647870
19650040
19651835
19657001
19658488
19663585
19664649
19672470
19681484
19684922
19689331
19700223
19702691
19702973
19712803
19721466
19746140
19765690
19782491
19790738
19791211
19795888
19800366
19804477
19805051
19816781
19825511
19826353
19830149
19832373
19849597
19852937
19858932
19859489
19862607
19869286
19872816
19883705
19898088
19903372
19913441
19916258
19923188
19930367
19956920
19958854
19968168
19977873
19982159
19997068
20010005
20010602
20012164
20015580
20031597
20041897
20052679
20059937
20060959
20061210
20064997
20077721
20081435
20095971
20103656
20105495
20108770
20120694
20124173
20141524
20143672
20146528
20147281
20153710
20158098
20158222
20161184
20170862
20184761
20202684
20202821
20204200
20205125
20205151
20209715
20211346
20211537
20211949
20212219
20212476
20213202
20214408
20215067
20215561
20217132
20217917
20217941
20217963
20217969
20218035
20218150
20224244
20225487
20231423
20245411
20246986
20252092
20259239
20261735
20261960
20262660
20265958
20270826
20275747
20276994
20280491
20282109
20290402
20291468
20291956
20293644
20297053
20297710
20300320
20303059
20303167
20305232
20307190
20308359
20313519
20313581
20315603
20316047
20323707
20325532
20335546
20336681
20338820
20339817
20339819
20341165
20346626
20349190
20353694
20354354
20354418
20354421
20356879
20356894
20358860
20359569
20365025
20367191
20368016
20370268
20370273
20371469
20372560
20381374
20383544
20385133
20385711
20386010
20388336
20390228
20391734
20397187
20397188
20398878
20400492
20401108
20401158
20405263
20406586
20407042
20408392
20408416
20411526
20414509
20415869
20418034
20419855
20421348
20422436
20425377
20425691
20429155
20429346
20433096
20433568
20436238
20436808
20437141
20439312
20441086
20441217
20441772
20442622
20444910
20446332
20446787
20447555
20448752
20450360
20453192
20454281
20456366
20456641
20458656
20460715
20462051
20468102
20470852
20473784