110992
142530
175311
175377
175396
175977
176256
177082
188261
194332
196175
197169
202073
202318
202414
204523
205057
205690
205757
206986
207254
207693
209893
209894
209898
214901
218732
222998
223088
223206
225076
225611
225613
226083
226744
227253
227455
227465
228244
228712
229207
233733
234402
235214
241915
242167
243017
244490
244817
245783
248131
252139
254276
256255
258741
261089
261110
261113
263470
263516
263868
265755
272560
273614
273698
277424
281784
287894
291710
293001
296273
299237
299597
299724
301075
303511
305150
308885
314533
324095
324098
327883
329960
332582
335116
336122
337212
338010
340830
340986
341024
341088
341093
341192
342776
342947
344394
344395
344711
344866
344883
347722
347723
348012
349212
349213
349343
349861
350002
350135
350410