80484
84361
87807
89107
90864
90876
94585
98860
101303
101304
103449
104099
106951
107969
108796
113886
118657
120007
120010
122756
124238
124380
124810
126982
128991
128994
129266
137633
138772
141172
144081
146961
147735
150777
151104
153287
154124
154313
155055
155508
156313
157371
157374
160005
161796
163085
165378
167980
168230
168468
171446
173964
177985
177994
180402
180406
180412
182663
184256
184683
184693
185967
187084
188834
189625
191044
196166
203229
207542
211039
211373
215519
216190