5522
5523
12412
21947
25187
26184
26187
26324
26419
29463
29570
30194
32213
34081
35774
38639
40214
40516
42901
44066
46204
47340
47444
51140
52466
53687
55994
57801
59200
59631
60219
60409
62502
66204
69293
77161
77263
77668
77683
81329
81878
82727
84262
87782
87960
88213
91617
92791
92856
94918
98317
99707
101940
109295
125024
127745
134991
136225
136724
136890
138488
140451
149085
151395
155389
155540
161929
170263
170426
175304
176934
177837
180847
182068
184577
184673
187566
188220
197373
197655
198892
199437
204228
204688
206418
207714
208452
209074
209123
209203
211032
213197
213956
214588
214793
215348
218611
223304
223750
224314
227009
227070
229747
236436
238386
238883
239795
242262
248275
250356
250524
251216
251222
255595
255972
260080
261472
265173
265263
267346
267664
267669
267670
272731
272905
275112
279320
281576
282655
286707
287404
291252
291535
292331
292360
294435
294445
295532
295773
396953
398012
398033
401032
405595
405623
405789
406547
407042
407169
410482
412539
412673
415968
419044
420483
421522
423020
427543
428221
429873
430218
430514
433681
436949
440138
443436
444299
447235
447279
450108
452378
457474
460155
460166
460701
467585
469847
470905
471659
492213
492499
503016
504873
506831
507118
508324
510027
515632
515801
515927
516107
523373
524502
525966
525967
527165
527173
533536
533918
537222
538141
552243
553521
553736
555329
558789
559984
562335
563549
564464
564782
565264
566035
566045
570404
573425
581203
582171
584364
595906
597066
601943
602750
604560
605920
613385
614288
616898
616903
618237
618402
619187
619979
620567
621742
626027
627911
628627
629263
630372
636266
636322
637429
641334
642189
642194
643905
643949
646613
647034
647423
647632
653239
658121
658137
658311
659661
661406
661858
664568
664597
665705
667756
667907
671236
672048
676749
676759
690493
691685
694164
694758
700559
701124
701210
709082
710178
710184
710186
710853
712090
712306
715796
715804
715871
715966
715981
715983
715991
716117
716135
716155
716157
716206
716275
717436
722638
724163
727504
732156
734685
734709
735419
736161
740323
741413
743885
746286
746290
746297
746300
746304
747595
747700
747825
749684
749790
749910
749941
750112
750116
751388
753329
756071
756704
757929
762730
763357
764384
765094
766421
775547
775577
775741
777296
779430
782509
785243
787663
790179
791037
791226
791402
792999
793831
793832
793940
794260
799032
800926
803429
807150
807525
807532
807549
807681
808562
811964
812770
812771
813647
815889
816533
816535
818341
821878
823644
828398
829784
829790
830265
830528
830923
832066
833044
833420
833679
836179
837761
837980
838220
838510
841390
846937
846938
849130
849468
850706
854182
854413
856402
857587
858278
858520
859270
861236
862196
863855
866257
866500
869550
870384
872219
873778
876318
881661
882544
884037
886209
887531
890996
891974
892647
896050
896405
900722
901051
902567
905386
905620
908387
908895
911681
912441
914560
921327
922804
926779
926781
928573
928875
930718
933052
933262
934753
935935
939886
939890
940286
943902
945416
945498
945807
947439
949435
951755
953162
953191
956588
960883
964237
964799
967862
978829
981276
982457
982461
995600
996140
1002326
1008699
1008701
1011302
1012053
1019977
1020353
1020354
1020474
1020957
1022060
1022752
1023461
1023850
1024747
1026279
1026536
1031378
1033722
1035441
1036723
1037626
1037649
1037654
1038584
1039090
1040240
1046717
1047736
1049908
1050022
1052577
1054616
1056188
1056198
1056398
1062292
1063638
1064712
1070458
1070816
1076244
1078696
1079480
1080915
1082488
1082490
1089228
1092982
1094577
1095462
1096898
1096988
1102118
1102789
1103440
1104971
1106806
1108192
1108193
1110078
1110967
1114247
1117633
1118096
1118097
1119214
1126250
1130008
1130936
1133410
1134101
1135635
1142224
1142961
1144325
1144328
1145750
1146262
1146269
1148940
1151624
1152102
1152103
1155036
1155178
1155401
1155438
1155631
1158533
1159128
1164644
1166169
1166491
1166896
1168154
1173485
1175381
1176800
1178687
1178749
1178791
1178874
1178878
1178880
1178886
1178977
1178998
1179050
1179104
1179110
1179124
1179147
1179235
1181006
1181729
1185273
1185329
1185429
1186511
1187102
1189950
1194366
1195463
1195513
1200262
1202140
1203104
1206517
1209689
1210901
1211073
1211224
1224995
1228656
1234056
1234060
1236515
1237724
1239832
1242660
1243525
1244840
1244841
1245373
1247472
1247849
1249289
1249366
1250858
1251254
1251255
1255819
1256745
1259509
1260252
1262121
1263902
1267468
1268444
1269283
1269492
1273163
1273587
1274401
1274994
1277457
1279652
1279688
1283826
1285046
1285294
1286871
1287616
1287829
1291106
1292819
1296480
1298943
1298995
1299000
1305925
1305936
1308758
1309793
1311337
1311340
1311351
1311353
1311360
1314569
1314580
1315815
1316931
1317417
1317979
1319736
1320725
1321471
1321582
1322880
1323105
1323113
1324581
1327535
1328314
1329342
1330143
1330146
1334820
1338999
1339175
1345307
1346269
1347160
1350449
1357477
1360849
1361523
1361532
1364913
1365806
1366259
1366652
1369204
1370274
1373106
1375362
1376006
1376787
1383749
1384907
1387739
1387994
1391444
1394747
1402035
1404033
1412455
1417934
1418037
1420444
1422356
1424642
1426643
1426960
1428149
1430536
1432430
1433163
1433665
1434004
1434302
1435203
1436581
1440751
1450378
1463679
1475554