20013222
20019188
20028026
20028072
20030567
20031980
20032778
20035664
20042509
20046342
20046964
20054950
20055220
20056657
20063172
20064489
20071385
20074682
20077086
20078146
20079830
20081547
20084464
20096946
20103782
20104336
20105109
20112187
20112930
20120161
20125193
20126135
20128151
20141443
20143575
20143930
20146959
20150772
20159471
20165491
20171873
20179362
20179572
20181463
20184218
20185273
20187036
20188288
20188470
20191269
20197551
20218886
20224267
20231955
20237864
20254540
20260335
20264798
20275851
20291825
20304130
20304596
20307857
20340666
20358792
20391462
20394413
20394776
20398274
20402054
20408299
20408415
20410105
20416000
20418787
20419255
20422501
20433675
20434457
20441178
20441329
20443860
20444301
20448627
20452334
20453337
20458000
20458779
20462050
20464844
20464939
20468621
20472843
20486708
20490549
20491110
20491909
20496547
20498783
20499992
20500190
20509083
20515467
20522832
20526628
20528221
20531588
20532525
20536371
20538026
20542420
20553431
20554264
20559108
20560835
20561720
20564458
20565391
20567734
20574741
20575492
20575790
20577530
20582196
20582767
20584436
20584786
20586228
20588676
20589958
20592471
20595617
20597528
20600894
20601859
20601964
20602019
20602092
20607078
20612667
20614036
20615980
20624383
20626882
20629596
20631658
20632622
20634688
20634692
20634693
20635409
20645572
20646857
20646859
20647101
20647420
20652267
20652746
20672761
20680359
20691040
20695566
20702075
20716101
20718299
20724491
20739937
20772344
20785712
20810980
20810985
20817838
20834604
20837900
20844584
20846689
20847202
20848010
20852576
20852975
20855348
20855720
20857975
20857994
20858550
20860836
20861938
20862875
20865327
20868611
20869306
20870176
20870188
20871068
20872991
20874038
20875515
20876046
20877106
20877399
20878391
20883646
20887890
20888502
20891273
20892767
20893022
20894005
20894029
20937793
20942204
20943519
20947411
20950426
20955382
20957118
20974301
20994787
20997324
21007746
21010410
21031053
21076717
21080195
21084962
21087101
21102462
21104633
21105360
21112218
21115990
21118481
21120910
21121176
21123025
21126397
21131527
21131604
21136910
21139569
21143437
21146118
21146693
21149086
21150871
21152133
21154525
21154550
21154992
21155961
21157669
21158801
21163055
21165935
21167880
21168118
21168210
21173362
21181317
21182168
21184109
21191642
21191859
21194775
21197705
21201651
21223421
21251049
21251559
21251574
21251649
21251666
21259506
21270111
21272628
21272632
21272633
21272767
21274709
21274712
21298756
21326110
21328957
21332692
21347476
21347813
21368840
21374873
21389673
21394600
21886035
21887496
21891792
21894188
21896075
21896262
21896497
21899933
21902448
21903068
21903276
21904173
21904236
21906793
21907781
21910005
21914219
21919997
21927082
21933109
21935592
21940266
21946051
21946244
21947864
21949991
21950777
21953101
21953540
21962020
21964567
21964991
21972397
21975291
21991130
22013588
22021781
22027684
22035631
22036124
22058462
22058478
22059901
22059942
22060051
22070888
22077309
22085581
22086428
22107450
22111988
22112338
22113027
22113506
22115545
22116536
22118555
22125907
22128056
22131703
22135483
22137519
22140969
22142781
22143308
22146586
22154626
22156522
22159150
22162106
22170718
22171235
22176344
22177129
22177755
22179959
22299042
22299393
22299713
22300069
22300814
22303994
22304228
22304808
22305873
22307877
22308293
22308657
22310229
22311079
22317630
22319574
22321681
22322295
22322357
22322613
22323346
22323432
22324644
22325871
22326729
22327719
22330299
22330998
22331326
22331642
22331673
22332213
22332314
22333454
22333591
22334723
22334928
22335516
22336276
22336665
22336873
22337520
22337925
22338412
22338584
22340596
22340926
22342447
22342849
22342893
22344371
22346653
22347275
22347975
22348001
22348874
22352704
22353349
22354196
22356949
22358872
22362687
22364052
22366960
22367759
22369850
22370710
22370858
22371933
22372960
22373280
22373463
22376291
22377173
22377475
22377479
22377598
22377894
22381961
22382082
22383865
22384289
22385685
22386848
22386870
22387357
22387963
22388359
22388789
22389091
22390920
22392088
22393682
22394012
22398048
22398247
22398483
22399240
22401059
22403801
22405268
22406000
22410370
22410685
22412840
22415148
22415572
22415624
22415676
22416578
22417153
22418571
22419537
22421007
22421173
22421918
22422961
22424756
22426187
22431944
22432191
22443538
22446095
22446844
22449483
22450263
22452870
22453055
22454506
22454614
22456688
22457141
22462786
22464060
22464121
22468752
22471649
22473958
22474379
22477652
22482639
22483165
22485021
22486067
22486211
22487906
22494778
22497032
22498660
22502990
22503096
22503101
22503656
22505775
22506441
22506742
22509481
22518446
22521921
22528245
22528529
22536905
22541215
22542332
22542805
22544627
22545318
22548116
22550197
22552732
22552844
22556156
22557566
22558785
22559251
22559839
22561434
22564641
22565105
22566245
22566683
22567508
22569485
22570313
22575533
22576442
22578259
22580414
22581988
22582208
22582277
22583070
22583127
22583459
22584787
22584916
22585086
22585470
22585848
22585933
22587434
22588791
22589053
22594064
22647414
22647421
22647422
22648037
22648606
22653263
22659219
22668928
22669237
22670744
22672248
22678994
22694080
22696295
22700680
22709384
22740655
22750538
22752610
22753731
22754531
22756254
22756788
22757122
22768219
22771817
22772739
22780301
22780302
22780685
22785387
22791993
22792527
22792577
22796512
22798544
22803558
22803731
22804228
22805171
22807626
22807952
22808933
22810583
22810591
22812754
22814537
22815012
22820905
22821132
22821761
22821965
22822166
22824357
22829321
22830223
22830988
22834207
22834579
22834767
22835571
22837608
22838196
22839467
22839824
22840211
22844996
22845485
22845637
22845915
22846812
22847372
22852944
22858468
22863428
22866222
22866518
22870252
22872752
22874691
22875452
22878663
22882165
22882799
22884911
22884927
22886309
22886903
22886919
22887225
22887692
22887862
22889720
22889966
22890134
22891368
22893608
22896483
22897573
22898112
22898148
22898507
22899673
22901423
22906671
22907492
22908711
22908713
22908892
22909502
22909517
22909520
22909559
22909773
22913782
22918173
22918985
22919704
22920355
22921132
22922551
22924055
22924169
22924247
22930041
22931823
22938489
22939321
22942004
22942863
22943121
22947910
22948343
22950997
22951280
22951654
22952524
22953027
22955307
22955746
22959351
22959862
22960114
22961412
22962121
22963060
22973291
22973503
22976272
22977578
22981947
22983319
22983337
22988937
22993862
22995453
22999940
23001111
23001112
23004123
23004379
23004441
23004501
23004554
23004599
23004697
23005212
23005377
23005521
23006145
23006215
23007249
23007273
23008208
23009982
23011077
23014658
23015857
23015977
23016259
23018735
23020503
23021235
23023674
23023779
23024381
23025076
23026157
23026223
23026680
23028287
23029966
23030231
23030259
23032235
23032810
23034991
23037453
23037549
23039565
23046012
23046769
23046899
23048392
23049919
23052357
23057618
23058484
23063011
23069722
23070238
23073252
23075252
23077118
23078536
23080106
23083710
23084162
23088096