19021373
19031334
19033782
19042211
19046680
19050812
19053527
19054094
19056727
19062497
19062510
19064348
19087426
19100057
19104353
19111585
19123190
19128073
19135252
19137881
19140172
19157081
19158992
19161606
19161607
19165719
19167450
19173026
19174353
19176373
19179191
19189094
19190850
19194129
19196919
19201007
19201034
19202697
19204131
19208949
19209371
19211324
19216892
19221955
19222086
19228734
19232019
19233040
19236330
19237407
19243073
19244792
19248542
19249107
19256213
19259535
19259768
19262584
19264879
19270316
19273925
19275432
19275982
19276188
19277025
19283884
19284289
19290815
19291873
19292431
19298431
19302024
19305454
19308563
19310802
19314346
19316550
19317794
19318549
19324419
19328431
19328627
19328716
19329554
19331020
19332184
19333308
19334258
19334832
19336174
19337862
19338363
19338369