60522
62880
67624
69481
70480
70484
72104
74543
74905
86164
87263
95601
97324
98385
99591
100846
105439
106030
106701
109079
109256
117529
117933
119645
120522
120590
122806
124894
126154
126155
126310
131503
131505
132562
133739
135117
135780
136511
136928
138178
140396
144832
144884
148839
150636
150649
154911
155568
155707
155977
157041
157871
159227
160385
161714
162345
162694
163606
165812
168625
179735
184261
186757
189042
189218
189433
190621
193560
194330
198920
200119
201613
201929
208603
208899
213109
213125
216914
218254
219263
220089
220971
222476
222477
224458
224745
226074
226076
226082
228128
230407
231744
232683
235667
237816
238435
239411
240548
242328
242991
242992
243223
246031
247621
248438
249285
249547
252840
254517
254592
254623
254633
254648
254682
255461
256488
256760
256763
259557
259571
261044
264335
270414
271131
271135
271810
274074
274084
275177
277615
277711
278687
279933
282218
282322
283283
285272
291234
291893
293058
294353
295586
296371
296658
298018
298416
298602
298948
299587
302569
303132
303433
304746
307240
309734
312358
313184
315168
316285
316813
316824
316839
316841
316917
316918
316952
317022
318528
318534
320855
320859
320878
321438
322650
326797
327245
327652
332607
332892
333599
334315
337390
337392
337395
338031
341068
342643
342856
343323
343597
343623
344062
347509
347808
348363
348811
348929
349321
351023
352029
355384
355548
356672
358147