12320
12696
17128
17367
25112
29006
31993
32003
33159
34930
38733
41254
41937
43829
53020
55007
65026
89249
91072
95568
99419
99432
100451
102894
106014
119187
126266
132039
140480
141043
145523
146858
149023
156540
157593
158624
158626
159176
159215
159309
159532
167322
170670
171890
171895
172899
173644
173860
174333
178487
179772
181031
183398
184403
184770
189314
192950
201899
206556
217033
217560
221032
221799
227722
227829
234881
237137
237139
237346
239655
246800
250195
255729
257054
265591
266793
270849
271590
275015
280785
281357
283231
290470
294785
295518
296389
298221
300679
300704
304891
307128
311904
311906
313885
315873
319053
319085
319197
319354
319412
323599
324888
325145
331227
332566
335556
341060
346071
350837
351773
359955
362716
365802
368590
369080
369262
370934
372097
372099
375242
377201
378881
380974
388956
389732
389747
390347
390453
397346
398645
407558
408478
409388
409408
410020
410528
411262
412597
416342
416851
422803
423461
425175
426500
429468
433259
434499
434721
434728
434738
434781
434830
434845
434875
434879
434971
437379
438558
439092
444156
447296
451676
451884
452675
459424
459724
460026
469220
469436
471808
472423
475956
490904
491521
495025
502451
505052
505471
506979
524765
525086
529863
537251
538352
540900
541238
543861
543953
544092
544798
545151
547130
547940
550130
550388
554969
555072
561921
562605
568851
571611
572417
573443
573726
577353
577607
584555
585055
589280
590582
591832
592109
592468
592712
596752
596753
598046
601565
605310
605528
608975
611143
611200
611933
612167
613044
614885
616504
617304
617345
618359
619094
619890
620417
623624
623863
626756
629771
630864
630903
631071
631165
631396
631439
632187
632578
632789
633079
635607
637346
638713
640959
640986
641044
641048
646690
646941
655593
658362
658381
659111
660641
662167
663564
663846
672221
677967
678290
678591
681412
681596
683440
685481
686219
687564
691769
692997
693037
698690
699392
706678
706971
707417
709069
709070
713924
716102
716951
718336
719325
719363
720192
722110
722904
723615
724987
725902
728261
728519
728520
728599
733068
734671
735799
737335
737520
739657
743200
743798
744425
745120
747837
750988
753537
754514
754548
762987
762988
766522
771342
773771
776899
778829
781307
781884
783932
786228
786392
793166
796645
797786
804093
808007
813680
813695
813819
813821
818459
818460
820864
824945
828123
829325
830379
830684
833572
833600
836105
836205
836210
836672
837494
837495
838322
844108
846847
847608
849864
849900
849916
850275
850370
851030
856509
856570
859351
859469
860994
862476
862666
863863
865603
872231
873168
875209
877210
878529
878632
878975
881239
883000
885693
886809
887222
887440
890347
892422
895220
899156
899214
899834
901794
902135
902466
902472
903947
907075
910207
913596
914324
915294
915386
915441
915585
915653
915829
916306
919225
922424
927398
927552
935636
935652
937061
942951
945154
945661
946366
948651
951495
951640
952942
953915
954200
956897
956898
958455
959313
960681
960791
961243
962141
962631
962652
963080
964007
966990
967654
968702
969214
971333
972838
975573
977116
977200
978681
981097
982425
985039
985104
988158
991356
996472
997845
1002742
1003309
1003913
1004741
1007447
1007448
1007486
1012224
1013070
1013234
1016251
1016271
1017462
1019233
1025197
1026468
1029274
1029736
1029793
1029852
1032411
1032677
1039228
1043690
1044155
1047743
1048997
1049962
1051883
1053511
1053824
1053900
1055058
1058622
1059775
1059776
1059875
1061409
1063013
1067328
1067896
1068001
1075149
1078944
1078945
1085302
1087933
1089580
1091798
1094918
1096445
1096644
1097301
1100963
1108670
1109537
1111885
1112626
1113709
1115628
1115629
1116306
1116594
1117150
1117257
1117713
1118231
1118613
1119510
1119526
1119720
1119822
1121325
1122814
1127853
1127897
1128225
1129409
1129602
1131016
1132001
1133161
1134894
1135354
1136502
1136530
1138188
1138891
1140812
1140974
1142066
1142193
1144522
1146399
1146605
1147591
1147678
1148001
1148228
1150528
1151790
1152586
1153993
1154198
1154201
1156954
1156960
1158465
1159202
1160522
1165664
1165845
1166308
1173387
1176898
1177395
1178020
1178927
1179033
1179035
1179435
1180038
1184342
1189289
1190200
1192827
1193059
1193233
1193621
1193634
1194795
1197996
1198627
1199161
1199345
1199347
1199349
1199408
1201161
1203919
1205568
1209601
1210765
1210963
1211236
1211245
1216279
1217175
1217249
1217857
1218138
1219023
1230588
1238563
1242898
1244607
1245242
1245326
1250508
1250511
1251087
1255067
1255465
1255570
1256616
1258293
1259592
1259605
1259690
1259694
1259707
1260728
1260733
1260735
1261725
1262309
1264550
1267754
1268470
1268904
1271519
1275997
1277083
1278009
1279438
1282267
1282805
1282809
1282897
1288672
1288673
1288674
1289970
1291327
1291731
1292270
1292417
1294583
1295981
1296012
1300862
1302610
1307745
1312650
1312838
1316422
1317166
1318514
1319250
1320302
1322569
1324470
1325644
1325649
1325682
1330113
1330372
1332690
1333031
1334333
1338953
1344040
1346004
1350871
1360531
1362725
1364034
1364959
1367754
1368371
1368681
1369823
1369933
1371776
1371844
1372023
1373718
1373719
1377433
1378868
1379754
1380104
1381968
1382663
1383058
1396111
1398802
1398803
1399523
1400786
1404855
1408121
1411555
1413562
1418759
1422070
1425214
1426397
1430620
1432077
1439395
1439442
1441219
1441608
1443923
1444153
1449138
1453463
1454520
1455574
1457945
1461715
1465631
1468005
1470627
1474012
1474013
1474591
1479745
1479746
1481928
1482660
1483564
1484969
1490567
1490575
1490994
1491294
1494201
1494327
1494939
1494961
1495936
1497234
1497306
1498358
1498737
1499749
1502418
1502613
1503352
1509276
1509394
1513710
1514015
1514629
1518809
1521712
1522172
1523891
1525920
1526784
1527298
1527646
1528713
1528857
1529075
1529089
1529452
1530118
1530319
1530578
1532961
1534303
1534399
1534738
1536043
1536111
1536391
1537958
1538261
1538299
1538302
1538597
1539297
1539630
1539664
1539926
1540419
1540540
1540587
1541530
1541555
1541636
1541830
1541847
1542014
1542015
1542269
1542953
1543605
1544194
1544197
1544199
1546791
1547714
1548931
1548934
1548952
1550355
1551632
1551674
1551778
1551894
1552500
1553082
1556727
1560192
1561514
1562508
1570904
1570935
1574435
1574472
1580791
1582789
1583098
1584533
1589556
1589695
1592694
1592726
1597210
1598743
1601817
1602170
1603281
1603794
1603906
1607668
1607761
1607769
1607893
1607908
1607910
1608032
1608103
1608193
1608229
1608258
1608272
1608280
1608410
1608438
1608486
1608489
1609902
1610495
1612437
1612759
1612762
1612811
1613577
1613772
1613879
1614974
1615418
1616800
1616801
1617209
1623405
1623448
1624149
1625091
1627239
1628163
1632440
1632812
1638959
1639977
1650216
1650694
1650726
1650933
1656264
1656753
1659599
1660862
1660942
1662019
1663473
1664628
1665308
1669707
1673606
1679557
1679577
1679962
1683876
1687265
1687652
1687661
1689867
1690197
1690208
1690364
1690755
1694877
1696510
1698259
1703147
1704637
1704683
1708932
1709723
1710332
1713219
1713240
1721385
1723695
1723697
1723699
1723710
1723773
1724473
1725586
1725732
1728114
1732801
1733340
1733801
1742905
1744332
1748741
1756099
1759825
1763419
1771045
1771412
1771452
1772954
1777254
1779264
1780954
1786910
1788439
1790796
1791219
1800450
1800852
1807595
1808156
1814433
1814682
1815142
1817075
1820537
1821332
1821844
1823392
1824696
1824700
1829065
1837148
1840872
1852255
1853122
1853812
1853813
1856360
1857232
1857604
1859595
1862137
1865196
1867513
1867774
1870230
1870729
1870744
1872209
1872228
1873838
1876700
1877819
1879504
1881164
1882763
1883595
1894595
1894719
1894782
1894892
1898390
1902890
1905610
1910889
1916494
1916534
1916535
1919251
1923742
1927460
1931290
1931292
1931698
1931704
1940411
1940412
1941688
1945439
1945473
1947873
1953225
1953923
1956764
1959821
1959836
1960034
1960038
1960051
1960060
1960088
1960164
1960246
1961357
1961371
1961551
1964820
1965099
1976127
1976908
1978943
1982915
1984088
1991160
1993474
2004505
2010113
2011092
2012919
2012921
2019060
2023576
2029563
2031587
2031593
2041539
2047117
2049456
2051631
2051778
2053327
2055698
2065246
2066105
2067634
2068358
2072843
2080581
2096078
2096083
2105945
2107395
2111371
2112556
2114324
2119315
2121095
2123549
2123631
2135907
2137408
2138979
2140500
2141550
2147734
2162667
2162937
2169082
2169642
2173432
2174531
2175388
2175397
2180020
2182799
2184288
2184370
2184510
2184562
2184596
2184744
2184812
2184980
2185922
2187817
2193967
2195149
2197738
2199622
2199902
2200025
2201651
2201662
2202496
2205017
2209048
2209737
2209756
2210062
2210734
2212723
2214157
2215593
2216018
2220940
2220976
2226188
2230109
2233393
2236315
2244164
2244169
2249281
2251053
2253283
2255716
2256734
2264567
2266162
2270380
2271034
2278252
2288559
2291115
2291184
2300138
2301911
2311521
2311697
2319086
2331280
2337138
2347730
2348161
2349390
2350374
2361584
2372889
2376559
2376742
2385874
2385878
2390236
2390730
2396586
2397057
2398303
2418260
2420607
2420748
2420983
2422935
2423232
2423264
2426462
2431356
2436502
2437432
2438844
2440844
2443791
2443926
2444808
2445618
2452827
2453706
2456610
2456611
2458666
2465665
2465669
2466750
2469126
2470767
2471030
2472578
2473926
2478392
2480656
2482065
2484270
2490261
2495033
2506237
2507428
2513903
2515733
2519999
2524650
2533103
2533602
2535290
2536292
2536551
2539857
2540477
2541059
2542033
2543511
2545714
2547788
2548446
2549445
2551153
2551155
2558652
2562703
2564981
2567108
2573530
2582328
2587391
2588054
2596147
2597499
2598324
2600026
2603889
2606033
2606262
2609726
2613883
2614848
2616615
2620369
2620767
2623243
2623605
2626214
2626215
2626543
2626963
2631276
2632019
2632726
2638253
2638258
2640069
2643640
2644052
2647859
2648224
2650260
2651483
2656204
2658634
2659222
2659223
2664562
2665581
2667987
2668179
2668458
2668723
2671367
2675705
2676247
2677833
2683331
2686552
2697166
2698763
2699262
2714374
2717568
2719647
2726515
2731522
2737068
2743986
2750138
2754521
2756004
2765917
2768102
2770481
2772845
2791291
2798019
2800913
2801841
2803841
2804003
2810363
2811123
2814741
2818651
2821980
2824144
2827464
2830334
2835355
2835360
2841416
2841560
2842826
2845661
2847633
2850411
2852784
2852948
2853224
2853349
2856799
2857045
2857361
2858603
2858667
2861286
2863525
2863601
2864131
2867012
2869260
2870169
2875170
2875171
2876976
2878493
2888252
2890150
2891537
2892666
2892672
2893216
2901416
2902433
2902434
2917006
2917745
2918438
2921688
2931101
2932106
2932313
2940368
2940536
2942814
2943571
2945061
2958558
2969110
2974046
2976184
2976969
2979701
2983808
2984439
2988729
2995645
2995884
2997882
2997913
2998142
3001539
3005404
3005405
3013552
3013556
3013564
3016715
3023882
3028907
3030687
3033438
3033782
3034523
3038559
3043385
3044983
3046951
3047353
3049375
3054645
3055584
3063093
3064838
3067146
3067881
3070965
3071630
3071711
3071921
3073496
3073844
3076285
3076287
3081701
3083350
3084994
3092389
3098413
3105003
3106385
3107570
3107856
3108755
3110319
3111911
3112563
3114012
3114178
3114233
3114360
3114416
3114539
3114970
3116549
3117205
3117675
3119690
3120718
3125722
3126894
3127052
3131801
3139267
3140074
3141556
3141735
3141861
3142057
3142122
3142986
3143552
3144104
3144478
3144767
3147359
3148383
3148385
3153004
3157472
3158991
3159602
3162556
3167520
3168584
3168585
3168586
3168661
3174379
3174482
3174585
3188135
3191027
3191829
3194733
3198472
3201911
3202637
3202829
3208275
3210520
3220285
3223437
3225719
3225768
3226305
3232498
3236694
3239193
3244337
3245453
3245456
3247171
3248959
3250772
3252371
3261917
3262068
3262274
3263058
3263140
3265899
3267617
3276548
3277451
3281898
3287309
3289035
3291714
3294127
3294128
3300084
3300809
3309709
3311465
3312279
3317135
3317203
3318916
3323688
3328605
3330576
3331409
3332266
3334490
3334947
3334950
3337807
3337808
3340799
3356198
3356863
3357222
3358206
3358458
3359441
3360800
3361584
3365483
3366526
3366942
3372081
3376713
3379899
3396879
3397473
3397474
3398601
3403609
3403610
3406842
3407005
3407494
3408948
3408956
3410083
3411191
3411769
3416023
3422119
3424140
3440281
3444128
3444771
3445407
3448964
3453762
3458959
3462294
3465133
3466214
3467269
3468140
3468281
3468491
3469171
3472552
3476941
3478646
3484729
3487329
3487331
3492221
3493096
3493134
3496715
3500770
3500829
3502910
3504290
3504893
3505040
3506926
3507147
3507361
3508574
3516024
3519190
3519238
3519368
3520680
3520901
3521734
3524421
3528549
3528553
3528672
3581911
3583238
3585957
3587887
3588021
3589586
3590753
3595395
3600012
3601170
3601348
3601969
3602793
3608127
3611333
3611334
3612608
3613172
3615736
3616545
3625420
3627044
3631188
3632265
3633062
3633585
3635606
3635702
3636905
3637390
3637496
3640664
3641136
3646645
3647850
3648716
3651883
3653129
3653133
3656896
3656932
3658786
3659653
3659805
3660085
3661554
3662716
3662720
3662721
3665714
3665986
3666379
3666380
3668399
3668401
3671240
3672646
3675829
3677661
3677868
3682504
3685853
3687354
3692239
3694899
3695645
3698725
3698882
3701820
3703044
3704176
3704810
3705231
3708249
3712492
3712862
3712895
3713804
3714972
3721452
3721637
3723185
3724370
3724626
3729469