9414592
9433731
9435910
9437056
9440071
9444061
9451059
9452787
9453178
9454928
9457628
9473487
9477336
9479367
9489300
9489456
9489477
9489510
9491581
9493234
9493243
9496229
9503262
9503263
9504541
9516272
9543067
9552047
9553206
9553514
9556248
9567225
9570383
9571322
9575229
9582911
9585501
9589366
9591685
9697137
9703565
9708001
9710110
9713422
9721086
9726375
9767548
9768994
9774748
9825566
9857036
9863470
9864844
9875638
9889737
9892505
9910930
9922922
9923435
9923437
9926904
9939320
9944604
9946773
9949410
9953908
9954511
9954712
9956704
9967518
9970461
9983070
9988644
9997331
10026774
10031582
10031757
10087971
10090352
10094190
10110750
10116734
10130544
10131620
10140741
10144929
10148322
10151317
10154118
10175412
10185007
10205704
10214665
10390631
10396879
10397212
10401193
10401575
10402526
10405723
10423770
10431011
10437883
10438824
10442053
10443103
10445174
10446361
10446927
10452384
10459192
10460068
10469319
10472761
10473575
10477027
10490746
10494037
10504868
10506211
10506941
10507885
10508376
10514168
10514517
10520184
10521895
10530838
10534548
10534826
10536027
10538151
10543119
10550220
10551967
10553510
10553864
10562560
10563293
10568410
10569087
10570228
10574059
10574330
10577895
10579687
10582598
10595056
10595600
10597488
10599655
10606359
10607790
10609042
10612904
10620753
10629615
10629646
10885062
10888366
10898370
10903517
10926011
10944277
10951724
10958584
10960197
10975864
10982525
10986447
10995178
10999230
11002588
11003371
11010256
11016840
11021302
11026289
11030381
11045894
11048994
11070937
11133362
11136891
11169016
11173095
14347574
14355898
14369604
14372482
14373464
14375344
14381788
14382918
14388433
14388903
14390007
14392907
14394585
14398906
14405328
14406187
14406915
14406996
14408371
14419830
14423406
14425969
14428859
14431178
14438521
14439225
14442363
14448104
14457186
14460162
14473641
14492940
14507303
14507601
14514819
14517542
14527584
14538052
14538202
14539236
14542825
14542845
14544821
14545784
14561502
14566534
14574278
14584173
14587355
14594091
14597264
14597899
14598574
14599531
14601276
14606638
14621400
14626848
14627454
14631344
14638138
14642813
14646148
14646297
14646323
14649231
14651796
14654544
14656626
14657412
14660088
14664374
14664403
14666692
14671196
14673353
14674584
14679783
14681600
14681922
14682638
14683189
14686180
14687498
14691527
14694048
14694913
14700259
14702897
14702903
14705442
14707227
14707360
14707942
14709032
14709843
14714999
14718920
14718924
14724691
14724759
14724787
14724926
14727330
14730001
14730896
14731990
14734760
14736741
14739982
14746838
14746889
14747373
14748548
14749184
14750462
14750773
14753954
14756388
14756404
14757095
14757738
14759366
14761080
14761081
14761871
14761964
14762702
14764001
14766746
14767226
14769214
14770207
14771327
14772308
14772694
14774643
14775387
14776463
14782217
14784323
14784961
14785450
14785466
14787123
14790362
14791103
14793618
14799324
14809473
14811990
14812340
14813521
14817048
14819437
14820518
14824410
14826948
14830295
14830361
14833277
14834457
14834487
14840678
