16099138
16101009
16110050
16110789
16115807
16118637
16123409
16134558
16137596
16143451
16145458
16148024
16151190
16158548
16164909
16165383
16166919
16173887
16187918
16191195
16197677
16201313
16213446
16230553
16236068
16251084
16256780
16257849
16263510
16285976
16318100
16336835
16350785
16351935
16355995
16364014
16368171
16379672
16381531
16383657
16385217
16387239
16394672
16399705
16412229
16423023
16425928
16432988
16459572
16499584
16504489
16518157
16524572
16527192
16531913
16544712
16566319
16583682
16584095
16587336
16592392
16601840
16602668
16620553
16623212
16627676
16629378
16631661
16633240
16637641
16647390
16648391
16657210
16658045
16658047
16658055
16660724
16672935
16676255
16683183
16856609
16857943
16863378
16868183
16868195
16873541
16876559
16880407
16881364
16884970
16884971
16885771
16885949
16886970
16887279
16889545
16895182
16897333
16897338
16899615
16903845
16905284
16912531
16912776
16913235
16922908
16927705
16939224
16939250
16944686
16944700
16948972
16957531
16957540
16962103
16963961
16987070
17006360
17006803
17007272
17009340
17014690
17016384
17018512
17021467
17022134
17022415
17022437
17024795
17024887
17027125
17029468
17031508
17031510
17032873
17037511
17039162
17039617
17041866
17050980
17054746
17057954
17058972
17060409
17061302
17063084
17063121
17063940
17070781
17075659
17078851
17084860
17084998
17088225
17089984
17090166
17091788
17094177
17095058
17097885
17101213
17102425
17103468
17105369
17106294
17108812
17109801
17110528
17110815
17111532
17112063
17112527
17115768
17116620
17120490
17120736
17121375
17122943
17126666
17126720
17127008
17128496
17131429
17131536
17133298
17133539
17133935
17134565
17134578
17134582
17134584
17134611
17135349
17135998
17137036
17137718
17139074
17139127
17139188
17139225
17139259
17139339
17139379
17139917
17141436
17144151
17154030
17155002
17160293
17177404
17187543
17194299
17198962
17200708
17205096
17205102
17205176
17205179
17212788
17213590
17218268
17220153
17223854
17235716
17242496
17248328
17255921
17256302
17257479
17271797
17276865
17281097
17285066
17294173
17294175
17294200
17297210
17297256
17298053
17298243
17299967
17301605
17303275
17303280
17303281
17304971
17306941
17307834
17310899
17310906
17312028
17313744
17315920
17319465
17320140
17320662
17320666
17320676
17322051
17324301
17329931
17330035
17330960
17331071
17331147
17333902
17336223
17338125
17345085
17346610
17348321
17349817
17351041
17354008
17356749
17357059
17357998
17358144
17361396
17361867
17361925
17363785
17371368
17371773
17387195
17387520
17390815
17391308
17395838
17397145
17397183
17402515
17406819
17411269
17416434
17417226
17421243
17421577
17421583
17421678
17422200
17425379
17426190
17432715
17433539
17434966
17437733
17438071
17441107
17445640
17454946
17456879
17458495
17458962
17459569
17463365
17469341
17471437
17471886
17473196
17479842
17487065
17488820
17492893
17497209
17498116
17499832
17501983
17502027
17503527
17510107
17511159
17511273
17511542
17516636
17517343
17519633
17520208
17520325
17523706
17526292
17526301
17526755
17532853
17535425
17535431
17538058
17538354
17542390
17545168
17545487
17549676
17550113
17550343
17551323
17551495
17560602
17561039
17563018
17563027
17563397
17564067
17564281
17567950
17569388
17574889
17575288
17576485
17576646
17578601
17581028
17583492
17583789
17584677
17584815
17586608
17586715
17587746
17591378
17591508
17593369
17593888
17593972
17597055
17598158
17598159
17598910
17615588
17616068
17626581
17629544
17630801
17632238
17633180
17636938
17637351
17640399
17641551
17648344
17648717
17648943
17648944
17650699
17651006
17651299
17651665
17652081
17652763
17652764
17653645
17653995
17655099
17655625
17656774
17657076
17658078
17658079
17659612
17660748
17664343
17666277
17666306
17667279
17667737
17668569
17668867
17668989
17668992
17671484
17676418
17678142
17679009
17680584
17680723
17680724
17681099
17683044
17683654
17683664
17685509
17686775
17691497
17696256
17702185
17705259
17712197
17712283
17713973
17716874
17721846
17723015
17723634
17723789
17725365
17725607
17725615
17725940
17728988
17729247
17729257
17731467
17731469
17731485
17731509
17734303
17735236
17745923
17750268
17754245
17755680
17756989
17762490
17763550
17766517
17767079
17768126