73924
117168
202076
205087
205918
205920
206319
207208
207351
211706
212859
224125
224133
227875
228876
230168
230954
231986
235863
237534
237906
238494
239054
239950
245363
248429
250373
254815
259772
264447
265252
269347
269393
270691
271878
272503
273030
273421
274317
277939
283359
284598
285190
292692
293512
295080
301251
302544
303316
304899
308471
308479
313503
316280
319134
322831
322832
322833
345746
345755
346857
351759
358464
360165
362301
362319
365634
372830
380144
382380
382508
382510
382995
384955
384956
388254
392690
392923
393837
404410
405782
406552
406814
408304
409826
411448
414910
416254
416694
425200
426247
426717
432505
435834
435874
440273
444514
445154
445465
447558
450440
450903
451837
451840
452425
452879
457198
460110
460999
461449
462773
463538
463746
467579
468014
468731
469271
469425
469627
473406
473865
474504
474861
474877
475620
476923
477212
477362
477840
480780
483073
483360
483859
484123
484476
487327
487408
488623
489853
495893
496099
497044
501170
502677
502803
504149
505139
507117
507187
507194
507243
507335
507343
519177
523074
523401
524403
524889
527901
527904
529404
533273
536336
538600
541479
550208
561994
566692
567660
569228
579970
580517
581286
581298
581570
581739
582239
583493
592352
594927
598219
599374
600649
600751
601064
603407
606456
607977
608685
610328
612801
613470
614948
624164
626053
631383
631722
637240
638964
641879
643349
646316
646508
646817
649516
652101
654997
655850
657050
658630
660177
660255
662183
665647
667218
671354
672855
672861
675542
680978
682200
682201
683570
687593
688342
692132
694866
695386
697079
699804
700703
702011
702602
702781
702791
705483
708103
710364
710619
712248
712283
714085
717082
717322
717981
722740
726458
733216
733413
736344
739083
740894
745675
745920
751045
752729
753622
754047
757751
758961
770030
771292
776501
778961
787080
793093
796798
797139
799179
799353
801499
801989
805285
807163
807167
807796
809033
813728
817098
820548
820550
823092
823101
825752
828446
829323
831441
833512
838296
843230
843252
843282
843288
843303
851671
852744
853029
854297
856409
857561
858024
861103
861370
861664
863980
866165
866756
867042
868105
877821
878469
881724
882780
882855
884293
885662
886300
888511
889743
892957
899684
901791
902930
904080
904717
904735
904761
904782
904801
904903
904984
904997
905021
905078
905152
905183
906262
907014
912112
912609
914503
916025
925094
927554
927689
927955
932366
934791
936278
946333
949061
958418
963355
963357
966768
966802
967855
969666
969669
969670
969827
969828
972668
973093
974279
974529
974563
978769
984250
985892
987892
987914
990137
990919
992992
992993
993168
993192
994031
994125
1005278
1005399
1006378
1006593
1007131
1012603
1013321
1017021
1017595
1020725
1025169
1027868
1030887
1030889
1033610
1034102
1034576
1036482
1040638
1042637
1047080
1049711
1057555
1058037
1059462
1059829
1060916
1062192
1062444
1062620
1069173
1069177
1069296
1069371
1071045
1071048
1071288
1075731
1075739
1076954
1082828
1084924
1089779
1089830
1089957
1097195
1105325
1111836
1114897
1127061
1127063
1127719
1128312
1128334
1129635
1132804
1133940
1133967
1134356
1135935
1139694
1144369
1146729
1146919
1146937
1147077
1147776
1149583
1149798
1150982
1154377
1154808
1158061
1161093
1161292
1161358
1164618
1170175
1172231
1175240
1182766
1184569
1186659
1188833
1189688
1190741
1192239
1193335
1199363
1201540
1202440
1204751
1207531
1208774
1209404
1213931
1214802
1219637
1219878
1219883
1222409
1223023
1225620
1225847
1235898
1239086
1239747
1242405
1244637
1249394
1255580
1256577
1260709
1262267
1268099
1269461
1270391
1273669
1279306
1282402
1288267
1291696
1294430
1296764
1297481
1299242
1304679
1306007
1306008
1306802
1306910
1308846
1310864
1311321
1311365
1314511
1315015
1315018
1322768
1326188
1331892
1333605
1335917
1336975
1337908
1338026
1343579
1343705
1343779
1346496
1347198
1352308
1367629
1370019
1371927
1371931
1372485
1375827
1375834
1375835
1377765
1378604
1386197
1388978
1392668
1392671
1392872
1392873
1395194
1398115
1399239
1399326
1399467
1399567
1399674
1399676
1401046
1402710
1403150
1403192
1403288
1403324
1403356
1403432
1403478
1403646
1403828
1406518
1406647
1406715
1409604
1409676
1409881
1410857
1421343
1422242
1422371
1422732
1423375
1425320
1427339
1427665
1428867
1436595
1438709
1439684
1440431
1441410
1444943
1445390
1448057
1448081
1451653
1451687
1452067
1453222
1454010
1454305
1455861
1456388
1457280
1458270
1458276
1459621
1459772
1459949
1460806
1460908
1461694
1462532
1462534
1462570
1462844
1463264
1468834
1473037
1473045
1473080
1474064
1477833
1478933
1481013
1484608
1492318
1492371
1492401
1493733
1496594
1497557
1499483
1499825
1501323
1501599
1506497
1512837
1512851
1512910
1513887
1519104
1520172
1521850
1524105
1524124
1527533
1529537
1531009
1531161
1531195
1531653
1532917
1535274
1535276
1535560
1535562
1536432
1542176
1542206
1544009
1544570
1544678
1545273
1545767
1545963
1547657
1547658
1548671
1553168
1555569
1558549
1569612
1570254
1573089
1578312
1579005
1584748
1586466
1596151
1602220
1614343
1614845
1615657
1616076
1616771
1617111
1618982
1625628
1625629
1630552
1634077
1636686
1644240
1644479
1650541
1652182
1652604
1652636
1661432
1665970
1668038
1671608
1671994
1673583
1673776
1674790
1674791
1677255
1678169
1680694
1683252
1685455
1687769
1690150
1697601
1698298
1698805
1699925
1702714
1704541
1705341
1707750
1708756
1716592
1716864
1720462
1722718
1727638
1729601
1733019
1737894
1738337
1738370
1738923
1743626
1744808
1746461
1746923
1747711
1755778
1761469
1765267
1767487
1771277
1773440
1773462
1773704
1777145
1778938
1781864
1783960
1785232
1789901
1792082
1795825
1797962
1798305
1799471
1800837
1804239
1805876
1808891
1810264
1815457
1822916
1824060
1825347
1825889
1825890
1827305
1835292
1835827
1836087
1836098
1836235
1842899
1847935
1851940
1852236
1853804
1859138
1862621
1871580
1874504
1875503
1876335
1886881
1887693
1888353
1900663
1910548
1911361
1912598
1914058
1918501
1918823
1919093
1919094
1925220
1928745
1929897
1939772
1939808
1939826
1939828
1941599
1944254
1946742
1949592
1960651
1966091
1969145
1969420
1976430
1976885
1983500
1989624
1995737
1995740
1996120
1999117
2009059