16511
17712
18084
22769
42694
45750
49838
50055
50986
53505
59658
61391
70348
73843
78580
79724
83712
84859
85438
88761
89287
91025
91498
91499
93488
95055
98998
99934
101491
103986
106766
106769
114159
114290
116010
116598
117345
118079
121584
122793
127055
128946
132949
133082
133140
133157
133244
134872
137080
137289
137679
139104
140518
140723
141947
143133
145782
147146
148388
149458
150371
150441
152050
157002
158696
160021
164733
166179
171256
173854
177852
178563
178720
178897
182739
185230
186735
186863
187673
188661
190126
191783
191790
196275
196871
200485
204162
204221
209555
211507
211933
212980
216101
216605
216672
220424
220502
222082
223850
226295
227471
227569
229447
230371
283904
283905
285268
285695
285895
289194
291232
294887
295683
299604
301835
302863
306236
307155
307557
309006
311899