29280
31112
31300
31309
31443
32383
66747
80008
83428
103054
111037
114856
119716
155494
155672
155699
159073
161678
163302
167437
168281
175333
178814
179891
180084
181622
183075
183710
184218
188904
189889
191145
192660
198581
199424
203522
205473
206505
215069
221985
223604
224727
224804
228855
232167
236313
242758
243504
245496
245757
245832
246492
246497
246553
247981
248191
249532
249535
249798
253365
256988
257243
258299
258427
259985
260122
263169
263283
265174
265175
266716
268080
268536
268680
268740
269658
272410
274735
274758
275367
276933
287977
295879
296513
296793
300075
301413
301642
302070
307855
310511
314580
316051
320026
321973
324260
327597
329111
330640
336759
337118
339746
340500
340520
342551
342587
348415
355529
355530
359646
359748
362999
369791
371214
372964
375597
376848
377068
379211
381518
382436
383268
389653
392288
392657
393295
396568
397993
399079
400199
402423
407026
407615
412077
412409
412671
413431
413761
413963
419694
419899
420064
420082
420084
426127
426343
426824
426992
427676
428031
429962
430194
430195
431158
436927
436931
439004
439265
439972
440343
443760
449225
450866
453551
453634
454647
460599
462256
462271
462829
463393
466237
469074
469550
471396
471771
474439
475308
478109
479575
480212
481173
485591
492370
496083
496089
497367
497399
498440
498442
498561
502200
509040
511288
516647
517147
529699
529965
530881
532435
532489
533777
538055
538328
540603
540859
541749
542408
542586
543682
555322
558313
559768
560728
562429
564608
566777
570806
574700
579354
579363
580575
582024
582334
589015
589863