10023
10097
10288
10299
21876
33302
40410
48464
48779
53871
53968
59345
60529
63639
67767
70379
73544
83348
86683
88464
91184
97133
99384
101367
103241
104020
105065
105210
105951
106804
109375
120386
124366
127604
129675
130028
135224
137067
146345
162574
163628
167249
168864
172470
173545
174863
183210
186944
193566
198589
203898
204838
205586
207549
225168
231170
237907
238955
243675
248483
248531
249283
251371
251713
255667
258102
258349
258352
266889
269352
270566
271402
271775
272208
273145
273178
273779
275207
276195
276459
276514
277264
280119
280736
284613
285383
286889
287358
287588
289590
291305
291891
292654
298127
301983
304942
305833
310311
312958
314816
318508
320339
322515
322579
325136
333710
333711
335242
335243
338214
339908
341212
342478
344080
345054
346334
352706
353278
354480
356843
360319
362783
364766
366747
367510
368971
372809
373167
374223
374451
376584
378198
383079
384097
388581
388798
389852
390056
392660
394240
398793
398837
402417
403862
406804
407157
407630
411434
411435
413428
413431
415500
417160
417559
418938
424077
424250
426643
430643
431039
435475
437656
441816
445743
446884
448012
449350
449401
449983
450794
451871
453352
454052
454341
454475
454537
454907
455340
460151
460502
465828
468389
468493
468661
468924
472441
473965
474029
474307
479527
479874
481295
481304
481442
481844
485894
490349
492607
494426
497209
497542
501055
501079
502244
502537
502546
504828
506031
511575
512025
513430