60034
62384
62493
62942
62960
62977
66605
70085
152301
164177
166231
168141
170459
170741
173062
174261
175799
176249
177038
177748
178180
179160
179653
184277
191987
191988
192963
194912
198018
198448
199551
199601
201137
201325
201442
201832
201993
202225
202285
202457
203839
203910
204323
204395
212173
212647
213025
213638
214226
215353
217103
217125
217157
217167
217209
217225
217233
217245
217263
218115
218914
222299
223194
223834
226133
226139
227606
228537
229703
281911
283741
283879
284077
285234
285235
285236
286193
286195
286771
287759
288691
290315
290341
291633
292968
292969
295079
296795
297246
297608
297611
298210
299200
299253
299296
302224
302253
305684
305728
309022
309786
311280
312432
314117
314505
315863
315865
316448
317714
317922
318397
318414
319404
320742
322034
323076
323209
325181
327813
333326
337165
339974
340024
341169
345013
345015
346837
353613
353618
354359
362443
363661
363667
363794
364355
365143
365972
365976
366032
367473
367500
367608
367980
374242
375735